[{"id": 0, "img_name": "0001", "width": 710, "height": 1266, "position": [6.056984672000761, 0.951375588278598, 1.817590984352937], "rotation": [[0.7991628634131189, 0.38623597682476246, -0.4606088231325647], [-0.4181422784202089, 0.9076821491101981, 0.03563918046544404], [0.4318515401603901, 0.16411851325464039, 0.8868874567092407]], "fy": 1230.5582402797759, "fx": 1168.648875900067}, {"id": 1, "img_name": "0002", "width": 710, "height": 1266, "position": [5.092733695210665, 0.8227517794809814, 1.4942821067964707], "rotation": [[0.8232468250787368, 0.3733026688807949, -0.4276795323653627], [-0.40132723807660103, 0.9155478108777624, 0.026620555492778798], [0.40149858402687655, 0.14972415771482087, 0.903538357581459]], "fy": 1230.5582402797759, "fx": 1168.648875900067}, {"id": 2, "img_name": "0003", "width": 710, "height": 1266, "position": [2.8972122725994325, 0.3796028382244371, 0.5727256008955823], "rotation": [[0.9312620160369873, 0.2805504050706791, -0.2324704878073853], [-0.293770595060103, 0.9555844144704095, -0.0236064461382422], [0.21552237694670773, 0.09027678015925603, 0.9723169277552041]], "fy": 1230.5582402797759, "fx": 1168.648875900067}, {"id": 3, "img_name": "0004", "width": 710, "height": 1266, "position": [0.411274481322763, -0.09526993810130299, -0.8382047008717741], "rotation": [[0.9870472524978725, 0.15183725551694996, -0.05179931634183584], [-0.1536521063459677, 0.9875723679360663, -0.03304312794816035], [0.0461383956358321, 0.04057420271837151, 0.9981107065460824]], "fy": 1230.5582402797759, "fx": 1168.648875900067}, {"id": 4, "img_name": "0005", "width": 710, "height": 1266, "position": [-0.8361908563203548, -0.534746086281577, -0.7820648092880745], "rotation": [[0.9991407782710264, 0.04051155529050144, 0.008747518728893582], [-0.040381225664468105, 0.9990777552881198, -0.014594365429414549], [-0.009330691818027299, 0.014228590105721401, 0.9998552322280463]], "fy": 1230.5582402797759, "fx": 1168.648875900067}, {"id": 5, "img_name": "0006", "width": 710, "height": 1266, "position": [-0.7893416146446488, -0.6519842607808398, 0.3315659237117064], "rotation": [[0.956828661196898, -0.2510858663311696, 0.1464062868898659], [0.24295562256018752, 0.9674143088330468, 0.0712889930597274], [-0.1595351954226508, -0.03264112120936112, 0.986652460914]], "fy": 1230.5582402797759, "fx": 1168.648875900067}, {"id": 6, "img_name": "0007", "width": 710, "height": 1266, "position": [-2.3873010827371925, -0.2688442618282037, 0.5440617620581261], "rotation": [[0.8981705439649365, -0.39888976288345246, 0.1848692268077983], [0.38557831608090964, 0.9167167063371648, 0.10468926635787663], [-0.21123218533627913, -0.022747250144213544, 0.9771711858671112]], "fy": 1230.5582402797759, "fx": 1168.648875900067}, {"id": 7, "img_name": "0008", "width": 710, "height": 1266, "position": [-4.388386857251398, 0.3484899169418187, -1.3223658955035873], "rotation": [[0.8669763601406419, -0.45711639374656143, 0.19848575144181635], [0.44769648292006003, 0.8893664211509239, 0.09271045307949677], [-0.21890603038356946, 0.008483601672394538, 0.9757090644061742]], "fy": 1230.5582402797759, "fx": 1168.648875900067}]