[{"id": 0, "img_name": "0001", "width": 710, "height": 1266, "position": [6.057616724345223, 0.9519417492800603, 1.8188366030367142], "rotation": [[0.7991319086853026, 0.3862733823675525, -0.4606311611206039], [-0.4181789667682423, 0.9076644006905285, 0.035660727302584315], [0.43187329655077134, 0.16412863794424967, 0.8868749888980603]], "fy": 1229.7166540450821, "fx": 1168.0719169277838}, {"id": 1, "img_name": "0002", "width": 710, "height": 1266, "position": [5.0930970702858795, 0.8232163739617776, 1.4953247535973817], "rotation": [[0.8232053478566773, 0.3733216565293361, -0.42774279190462045], [-0.4013558897874415, 0.9155349810407896, 0.02662983709248526], [0.401554983773204, 0.14975526453795743, 0.9035081381758928]], "fy": 1229.7166540450821, "fx": 1168.0719169277838}, {"id": 2, "img_name": "0003", "width": 710, "height": 1266, "position": [2.8969299501487744, 0.379819462961634, 0.5733115131085218], "rotation": [[0.9312447050399738, 0.2805260546058068, -0.23256919835247283], [-0.2937659749362854, 0.9555846124895181, -0.023655873329709344], [0.21560345847120757, 0.0903503240755527, 0.9722921205248435]], "fy": 1229.7166540450821, "fx": 1168.0719169277838}, {"id": 3, "img_name": "0004", "width": 710, "height": 1266, "position": [0.41076300224983164, -0.09523407236130324, -0.8386842567796855], "rotation": [[0.9870462650776445, 0.15178271870020846, -0.05197765770257313], [-0.15360857330956595, 0.9875764129730193, -0.0331245338856954], [0.04630417693979857, 0.040679661297978745, 0.9980987367763822]], "fy": 1229.7166540450821, "fx": 1168.0719169277838}, {"id": 4, "img_name": "0005", "width": 710, "height": 1266, "position": [-0.8363745910507284, -0.5347700248095122, -0.782261163876482], "rotation": [[0.9991462268848061, 0.040433452142281084, 0.008482526139858244], [-0.04030587002324571, 0.9990791329053275, -0.014707924218193481], [-0.00906940701064497, 0.014353471391853766, 0.9998558514683397]], "fy": 1229.7166540450821, "fx": 1168.0719169277838}, {"id": 5, "img_name": "0006", "width": 710, "height": 1266, "position": [-0.789584705362515, -0.6523523463581471, 0.3320998488433635], "rotation": [[0.9568472681905198, -0.25114081215118494, 0.14619027952768457], [0.243021766933313, 0.9673992289700157, 0.07126817371611223], [-0.15932271072558923, -0.03266533728989656, 0.9866859934076228]], "fy": 1229.7166540450821, "fx": 1168.0719169277838}, {"id": 6, "img_name": "0007", "width": 710, "height": 1266, "position": [-2.387594631463561, -0.26918728313962537, 0.5437461387173779], "rotation": [[0.8982116362798882, -0.3989595770725468, 0.18451859611838642], [0.385648839076851, 0.9166822336433673, 0.10473134889460675], [-0.2109284934997705, -0.022911533879278526, 0.9772329467661309]], "fy": 1229.7166540450821, "fx": 1168.0719169277838}, {"id": 7, "img_name": "0008", "width": 710, "height": 1266, "position": [-4.387236078896541, 0.3485078930638856, -1.3235368424535268], "rotation": [[0.8669979262116643, -0.4573078273833519, 0.19794985970844217], [0.4478842364060013, 0.8892700719270379, 0.09272782728984069], [-0.21843604721676907, 0.008263787799785472, 0.9758162752729191]], "fy": 1229.7166540450821, "fx": 1168.0719169277838}]