[{"id": 0, "img_name": "0001", "width": 710, "height": 1266, "position": [6.0572048371265295, 0.951363171436989, 1.8178003472937758], "rotation": [[0.7991501208780538, 0.38624670938063577, -0.4606219315156658], [-0.4181487516239523, 0.9076784837783679, 0.03565657865153547], [0.4318688525651301, 0.1641135264944169, 0.8868799493762636]], "fy": 1230.2863708307575, "fx": 1168.4106060805627}, {"id": 1, "img_name": "0002", "width": 710, "height": 1266, "position": [5.092908356400794, 0.8227385211498638, 1.4944569633927107], "rotation": [[0.8232319676195047, 0.3733077275356024, -0.42770371526504525], [-0.401331938792036, 0.9155453981011176, 0.0266326664322504], [0.40152434844570006, 0.1497262988859021, 0.9035265535816782]], "fy": 1230.2863708307575, "fx": 1168.4106060805627}, {"id": 2, "img_name": "0003", "width": 710, "height": 1266, "position": [2.8972333923740425, 0.37959828365982334, 0.5727504813435272], "rotation": [[0.9312591163791216, 0.2805431014381116, -0.23249091680378178], [-0.2937679869372568, 0.9555848885554912, -0.023619708195086048], [0.2155384606319932, 0.09029445719353278, 0.9723117211000368]], "fy": 1230.2863708307575, "fx": 1168.4106060805627}, {"id": 3, "img_name": "0004", "width": 710, "height": 1266, "position": [0.4111108548048612, -0.09526511187513227, -0.8384703463324064], "rotation": [[0.9870478701339765, 0.1518253291197926, -0.05182249995559389], [-0.15364232411959206, 0.9875730158796696, -0.033069238658669425], [0.04615775452847644, 0.04060305091985672, 0.9981086383520024]], "fy": 1230.2863708307575, "fx": 1168.4106060805627}, {"id": 4, "img_name": "0005", "width": 710, "height": 1266, "position": [-0.836198402905235, -0.5346791178734699, -0.7819731627886267], "rotation": [[0.9991422328330427, 0.04048606976928711, 0.0086992369802182], [-0.04035601094068771, 0.9990781155710149, -0.014639377310007778], [-0.009283908140253984, 0.014275753630057238, 0.9998549954408076]], "fy": 1230.2863708307575, "fx": 1168.4106060805627}, {"id": 5, "img_name": "0006", "width": 710, "height": 1266, "position": [-0.7894800370973079, -0.6520145824032407, 0.33162263053341556], "rotation": [[0.956827355053098, -0.2510983698142996, 0.1463933786026336], [0.2429714227708336, 0.9674115832548509, 0.07127212850097522], [-0.15951896545179073, -0.03262571471928144, 0.9866555946226863]], "fy": 1230.2863708307575, "fx": 1168.4106060805627}, {"id": 6, "img_name": "0007", "width": 710, "height": 1266, "position": [-2.3874513918111413, -0.26880943344606434, 0.5440972413734314], "rotation": [[0.8981753729666534, -0.39889821402477094, 0.18482752566666352], [0.3855890043817033, 0.9167127768953828, 0.10468430816833449], [-0.21119213786535712, -0.02275740592870741, 0.9771796054867581]], "fy": 1230.2863708307575, "fx": 1168.4106060805627}, {"id": 7, "img_name": "0008", "width": 710, "height": 1266, "position": [-4.388122672169766, 0.3484314552163325, -1.3224837351241734], "rotation": [[0.866964764121947, -0.4571877936503174, 0.1983719211686262], [0.44776950084396583, 0.8893300274665267, 0.092706938037737], [-0.21880258655903162, 0.008451247454779685, 0.9757325476438387]], "fy": 1230.2863708307575, "fx": 1168.4106060805627}]