[{"id": 0, "img_name": "0001", "width": 709, "height": 1265, "position": [6.055467449319286, 0.947450045515588, 1.8147224361596535], "rotation": [[0.7992977333386582, 0.3862879062992107, -0.46033117092660086], [-0.4181367405736408, 0.9076842007350335, 0.03565189922648053], [0.43160722846372146, 0.16398489315475223, 0.8870310902977919]], "fy": 1230.397144556976, "fx": 1168.0935314736228}, {"id": 1, "img_name": "0002", "width": 709, "height": 1265, "position": [5.091587266009494, 0.8184801079941952, 1.4921568379908607], "rotation": [[0.8233265511337905, 0.3733334718384421, -0.42749913333618916], [-0.40131448559685834, 0.9155524985772879, 0.026651566539590003], [0.40134782153173154, 0.14961865242656217, 0.9036228112424965]], "fy": 1230.397144556976, "fx": 1168.0935314736228}, {"id": 2, "img_name": "0003", "width": 709, "height": 1265, "position": [2.8987948871555136, 0.3764924884330952, 0.5736627951464051], "rotation": [[0.9312430715419745, 0.2805131792842495, -0.2325912680065863], [-0.2937647448325605, 0.9555838870166711, -0.02370041281435568], [0.21561218981896593, 0.09039795972228987, 0.9722857565960316]], "fy": 1230.397144556976, "fx": 1168.0935314736228}, {"id": 3, "img_name": "0004", "width": 709, "height": 1265, "position": [0.4127925669124067, -0.0949733599681348, -0.8375478063567011], "rotation": [[0.9870278557124147, 0.15189836708667143, -0.051989403960380993], [-0.15373657738388033, 0.9875479174462818, -0.03337926784400793], [0.04627177133029426, 0.040938940190418424, 0.9980896384363694]], "fy": 1230.397144556976, "fx": 1168.0935314736228}, {"id": 4, "img_name": "0005", "width": 709, "height": 1265, "position": [-0.8348509508425954, -0.5336588910371735, -0.7809294533675075], "rotation": [[0.9991392540428559, 0.040599021112661976, 0.008512961610364004], [-0.040468167900879995, 0.9990679617823838, -0.015017826964618518], [-0.009114736278800897, 0.01466039647099167, 0.999850986076366]], "fy": 1230.397144556976, "fx": 1168.0935314736228}, {"id": 5, "img_name": "0006", "width": 709, "height": 1265, "position": [-0.7888162773478236, -0.6509983430573388, 0.33161129199573314], "rotation": [[0.956877205178148, -0.2509586982507582, 0.14630702642983773], [0.24290352657760045, 0.9674606572682675, 0.0708361024776002], [-0.15932322801971244, -0.03224295908158918, 0.9866998026771069]], "fy": 1230.397144556976, "fx": 1168.0935314736228}, {"id": 6, "img_name": "0007", "width": 709, "height": 1265, "position": [-2.3888732676343456, -0.2667524268566633, 0.5445785180552185], "rotation": [[0.8982638401393856, -0.39869230396326943, 0.1848418790710162], [0.3854856994714652, 0.9168127492254589, 0.10418809126119508], [-0.21100438147355943, -0.022334493907763195, 0.9772299224751791]], "fy": 1230.397144556976, "fx": 1168.0935314736228}, {"id": 7, "img_name": "0008", "width": 709, "height": 1265, "position": [-4.3906342538339596, 0.35141043527248844, -1.3235321871338501], "rotation": [[0.8670825473929626, -0.45695836369682113, 0.19838576020988624], [0.447638209289125, 0.8894443303051879, 0.09224324838372519], [-0.2186044134754743, 0.008822535660453035, 0.9757736793301837]], "fy": 1230.397144556976, "fx": 1168.0935314736228}]